216,0.00056954782627
214,0.000564298537548
5,1.57478661641e-05
212,0.000559049248827
213,0.000561673893187
210,0.000553799960105
211,0.000556424604466
127,0.000335954478168
199,0.000524928872138
133,0.000351702344332
164,0.000433066319514
131,0.000346453055611
130,0.00034382841125
137,0.000362200921775
136,0.000359576277414
135,0.000356951633054
134,0.000354326988693
50,0.000133856862395
139,0.000367450210496
138,0.000364825566136
490,0.0012887003811
166,0.000438315608235
67,0.000178475816527
25,6.82407533779e-05
26,7.08653977386e-05
691,0.0018162538976
20,5.51175315745e-05
21,5.77421759352e-05
22,6.03668202958e-05
23,6.29914646565e-05
95,0.000251965858626
28,7.611468646e-05
29,7.87393308207e-05
161,0.000425192386432
289,0.0007611468646
68,0.000181100460888
97,0.000257215147348
401,0.001055107033
343,0.000902877660077
933,0.00245141783288
280,0.000737525065354
283,0.000745398998436
163,0.000430441675153
409,0.00107610418788
286,0.000753272931518
7,2.09971548855e-05
10,2.88710879676e-05
263,0.000692906111222
366,0.000963244480373
122,0.000322831256365
123,0.000325455900725
267,0.000703404688665
266,0.000700780044304
126,0.000333329833808
264,0.000695530755583
128,0.000338579122529
129,0.00034120376689
457,0.0012020871172
69,0.000183725105248
91,0.000241467281183
60,0.000160103306002
59,0.000157478661641
58,0.000154854017281
132,0.000349077699972
55,0.000146980084199
54,0.000144355439838
57,0.00015222937292
2315,0.00607867633936
51,0.000136481506756
62,0.000165352594723
53,0.000141730795477
52,0.000139106151117
379,0.000997364857062
63,0.000167977239084
410,0.00107872883224
298,0.000784768663846
296,0.000779519375125
370,0.000973743057816
294,0.000774270086403
295,0.000776894730764
375,0.000986866279619
90,0.000238842636823
8,2.36217992462e-05
590,0.00155116481717
319,0.000839886195421
318,0.00083726155106
1083,0.00284511448699
198,0.000522304227777
597,0.00156953732769
147,0.000388447365382
100,0.00026508908043
194,0.000511805650334
311,0.000818889040535
196,0.000517054939056
317,0.000834636906699
190,0.000501307072892
315,0.000829387617978
314,0.000826762973617
393,0.00103410987811
114,0.000301834101479
272,0.000716527910468
273,0.000719152554829
111,0.000293960168397
275,0.00072440184355
276,0.000727026487911
277,0.000729651132272
82,0.000217845481937
279,0.000734900420993
399,0.00104985774428
81,0.000215220837577
119,0.000314957323283
118,0.000312332678922
84,0.000223094770659
143,0.000377948787939
537,0.00141205866605
174,0.000459312763121
837,0.00219945197426
835,0.00219420268554
56,0.000149604728559
141,0.000372699499218
172,0.000454063474399
27,7.34900420993e-05
3,1.04985774428e-05
197,0.000519679583416
442,0.00116271745179
421,0.00110759992021
914,0.00240154959003
92,0.000244091925544
170,0.000448814185678
363,0.000955370547291
309,0.000813639751814
449,0.00118108996231
585,0.00153804159536
582,0.00153016766228
580,0.00152491837356
300,0.000790017952567
301,0.000792642596928
302,0.000795267241289
303,0.000797891885649
304,0.00080051653001
64,0.000170601883445
306,0.000805765818732
245,0.00064566251273
47,0.000125982929313
382,0.00100523879014
383,0.0010078634345
146,0.000385822721021
387,0.00101836201195
102,0.000270338369151
103,0.000272963013512
167,0.000440940252596
101,0.00026771372479
249,0.000656161090172
248,0.000653536445812
104,0.000275587657872
105,0.000278212302233
846,0.0022230737735
39,0.000104985774428
372,0.000978992346537
842,0.00221257519606
782,0.00205509653442
33,8.92379082634e-05
32,8.66132639027e-05
31,8.39886195421e-05
30,8.13639751814e-05
37,9.97364857062e-05
108,0.000286086235315
117,0.000309708034561
34,9.18625526241e-05
191,0.000503931717252
109,0.000288710879676
94,0.000249341214265
436,0.00114696958562
73,0.000194223682691
431,0.00113384636382
6,1.83725105248e-05
125,0.000330705189447
150,0.000396321298464
24,6.56161090172e-05
336,0.000884505149552
176,0.000464562051842
455,0.00119683782847
333,0.00087663121647
574,0.0015091705074
144,0.0003805734323
61,0.000162727950363
258,0.000679782889418
152,0.000401570587185
89,0.000236217992462
65,0.000173226527805
179,0.000472435984924
178,0.000469811340563
177,0.000467186696203
253,0.000666659667615
175,0.000461937407481
251,0.000661410378894
173,0.00045668811876
257,0.000677158245058
254,0.000669284311976
255,0.000671908956336
106,0.000280836946594
88,0.000233593348101
145,0.000383198076661
107,0.000283461590954
182,0.000480309918006
183,0.000482934562367
180,0.000475060629285
181,0.000477685273645
186,0.000490808495449
79,0.000209971548855
184,0.000485559206727
185,0.000488183851088
506,0.00133069469087
507,0.00133331933523
188,0.00049605778417
189,0.000498682428531
503,0.00132282075779
500,0.00131494682471
4,1.31232218034e-05
757,0.0019894804254
468,0.00123095820516
638,0.00167714774648
202,0.00053280280522
466,0.00122570891644
192,0.000506556361613
565,0.00148554870815
462,0.001215210339
99,0.000262464436069
281,0.000740149709714
38,0.000102361130067
193,0.000509181005974
228,0.000601043558598
227,0.000598418914237
165,0.000435690963874
225,0.000593169625516
224,0.000590544981155
160,0.000422567742071
222,0.000585295692434
221,0.000582671048073
220,0.000580046403712
11,3.14957323283e-05
115,0.00030445874584
13,3.67450210496e-05
12,3.4120376689e-05
15,4.1994309771e-05
14,3.93696654103e-05
66,0.000175851172166
16,4.46189541317e-05
19,5.24928872138e-05
18,4.98682428531e-05
862,0.00226506808327
1028,0.00270075904715
2,7.87393308207e-06
116,0.000307083390201
722,0.00189761787278
17,4.72435984924e-05
110,0.000291335524036
151,0.000398945942825
604,0.00158790983822
153,0.000404195231546
606,0.00159315912694
155,0.000409444520268
154,0.000406819875907
157,0.000414693808989
156,0.000412069164628
112,0.000296584812758
609,0.00160103306002
113,0.000299209457119
36,9.71118413455e-05
238,0.000627290002205
35,9.44871969848e-05
83,0.000220470126298
234,0.000616791424762
235,0.000619416069123
237,0.000624665357844
230,0.000606292847319
231,0.00060891749168
232,0.000611542136041
959,0.00251965858626
48,0.000128607573674
98,0.000259839791708
46,0.000123358284952
86,0.00022834405938
44,0.000118108996231
45,0.000120733640592
42,0.00011285970751
43,0.00011548435187
40,0.000107610418788
87,0.000230968703741
1,5.24928872138e-06
326,0.000858258705945
324,0.000853009417224
325,0.000855634061585
9,2.62464436069e-05
328,0.000863507994667
85,0.000225719415019
201,0.000530178160859
200,0.000527553516499
203,0.000535427449581
1174,0.00308395712381
205,0.000540676738302
204,0.000538052093941
140,0.000370074854857
206,0.000543301382663
209,0.000551175315745
148,0.000391072009743
149,0.000393696654103
77,0.000204722260134
76,0.000202097615773
75,0.000199472971412
74,0.000196848327052
93,0.000246716569905
72,0.00019159903833
71,0.00018897439397
70,0.000186349749609
96,0.000254590502987
481,0.00126507858185
78,0.000207346904494
142,0.000375324143579
120,0.000317581967643
2088,0.00548288206948
80,0.000212596193216
121,0.000320206612004
49,0.000131232218034
41,0.000110235063149
355,0.000934373392405
476,0.00125195536005
475,0.00124933071569
124,0.000328080545086
169,0.000446189541317
