344,0.000860692545654
345,0.000863187306656
341,0.000853208262648
342,0.00085570302365
811,0.00202574593354
719,0.00179622792137
713,0.00178125935535
299,0.000748428300569
296,0.000740944017563
295,0.000738449256561
292,0.000730964973556
291,0.000728470212554
590,0.00147440375212
1085,0.00270931044806
592,0.00147939327412
199,0.000498952200379
198,0.000496457439377
596,0.00148937231813
194,0.00048647839537
197,0.000493962678375
191,0.000478994112364
190,0.000476499351362
193,0.000483983634368
192,0.000481488873366
271,0.000678574992516
273,0.00068356451452
274,0.000686059275521
276,0.000691048797525
277,0.000693543558527
520,0.00129977048199
528,0.00131972857
448,0.00112014768985
443,0.00110767388484
1333,0.00332801117653
108,0.000271928949207
109,0.000274423710209
102,0.000256960383195
103,0.000259455144197
100,0.000251970861191
101,0.000254465622193
106,0.000266939427203
107,0.000269434188205
104,0.000261949905199
105,0.000264444666201
39,9.97904400758e-05
38,9.72956790739e-05
33,8.48218740645e-05
32,8.23271130626e-05
31,7.98323520607e-05
30,7.73375910588e-05
37,9.4800918072e-05
36,9.23061570702e-05
35,8.98113960683e-05
34,8.73166350664e-05
439,0.00109769484083
338,0.000845723979643
334,0.000835744935635
337,0.000843229218641
6,1.74633270133e-05
99,0.00024947610019
98,0.000246981339188
91,0.000229518012174
90,0.000227023251173
93,0.000234507534178
92,0.000232012773176
95,0.000239497056182
94,0.00023700229518
97,0.000244486578186
96,0.000241991817184
559,0.00139706616106
558,0.00139457140006
556,0.00138958187806
238,0.000596247879453
234,0.000586268835446
236,0.000591258357449
237,0.000593753118451
230,0.000576289791438
231,0.00057878455244
233,0.000583774074444
1,4.98952200379e-06
146,0.000366729867279
147,0.000369224628281
144,0.000361740345275
145,0.000364235106277
142,0.000356750823271
143,0.000359245584273
140,0.000351761301267
141,0.000354256062269
612,0.00152928849416
610,0.00152429897216
148,0.000371719389283
683,0.0017064165253
133,0.000334297974254
132,0.000331803213252
131,0.00032930845225
130,0.000326813691248
137,0.000344277018262
136,0.00034178225726
135,0.000339287496258
134,0.000336792735256
139,0.000349266540265
138,0.000346771779264
24,6.23690250474e-05
25,6.48637860493e-05
26,6.73585470512e-05
27,6.98533080531e-05
20,5.23899810398e-05
21,5.48847420417e-05
22,5.73795030436e-05
23,5.98742640455e-05
28,7.2348069055e-05
29,7.48428300569e-05
406,0.00101536772777
371,0.000928051092705
370,0.000925556331703
373,0.000933040614709
372,0.000930545853707
374,0.000935535375711
377,0.000943019658717
376,0.000940524897715
88,0.000222033729169
89,0.000224528490171
82,0.000207065163157
83,0.000209559924159
80,0.000202075641154
398,0.000995409639757
86,0.000217044207165
87,0.000219538968167
84,0.000212054685161
85,0.000214549446163
7,1.99580880152e-05
584,0.00145943518611
244,0.000611216445465
247,0.00061870072847
246,0.000616205967468
241,0.000603732162459
240,0.000601237401457
628,0.00156920467019
179,0.000449056980341
178,0.000446562219339
177,0.000444067458337
176,0.000441572697336
175,0.000439077936334
174,0.000436583175332
173,0.00043408841433
172,0.000431593653328
171,0.000429098892326
170,0.000426604131324
182,0.000456541263347
183,0.000459036024349
180,0.000451551741343
181,0.000454046502345
186,0.000466520307355
187,0.000469015068356
184,0.000461530785351
185,0.000464025546353
188,0.000471509829358
189,0.00047400459036
11,2.99371320228e-05
10,2.74423710209e-05
13,3.49266540265e-05
12,3.24318930246e-05
15,3.99161760303e-05
14,3.74214150284e-05
17,4.49056980341e-05
16,4.24109370322e-05
19,4.98952200379e-05
18,4.7400459036e-05
63,0.000159664704121
322,0.000805807803612
321,0.000803313042611
326,0.00081578684762
327,0.000818281608622
325,0.000813292086618
329,0.000823271130626
201,0.000503941722383
200,0.000501446961381
203,0.000508931244387
202,0.000506436483385
205,0.000513920766391
204,0.000511426005389
207,0.000518910288394
206,0.000516415527392
209,0.000523899810398
208,0.000521405049396
77,0.000194591358148
76,0.000192096597146
75,0.000189601836144
74,0.000187107075142
73,0.00018461231414
72,0.000182117553138
71,0.000179622792137
70,0.000177128031135
79,0.000199580880152
78,0.00019708611915
2,7.48428300569e-06
661,0.00165153178326
542,0.00135465522403
547,0.00136712902904
8,2.24528490171e-05
120,0.000301866081229
121,0.000304360842231
122,0.000306855603233
123,0.000309350364235
124,0.000311845125237
125,0.000314339886239
126,0.000316834647241
127,0.000319329408243
128,0.000321824169245
129,0.000324318930246
415,0.00103782057679
417,0.00104281009879
410,0.00102534677178
319,0.000798323520607
318,0.000795828759605
311,0.000778365432592
317,0.000793333998603
835,0.00208562019759
839,0.00209559924159
3,9.97904400758e-06
366,0.000915577287696
367,0.000918072048698
364,0.000910587765692
381,0.000952998702724
382,0.000955493463726
445,0.00111266340685
385,0.000962977746732
577,0.0014419718591
607,0.00151681468915
60,0.000152180421116
61,0.000154675182118
62,0.000157169943119
152,0.00038169843329
64,0.000162159465123
65,0.000164654226125
66,0.000167148987127
67,0.000169643748129
68,0.000172138509131
69,0.000174633270133
250,0.000626185011476
257,0.000643648338489
254,0.000636164055483
154,0.000386687955294
732,0.00182865981439
735,0.0018361440974
461,0.00115257958288
168,0.00042161460932
169,0.000424109370322
164,0.000411635565313
165,0.000414130326315
166,0.000416625087317
167,0.000419119848319
160,0.000401656521305
161,0.000404151282307
162,0.000406646043309
163,0.000409140804311
874,0.00218291587666
9,2.4947610019e-05
352,0.000880650633669
351,0.000878155872667
803,0.00200578784552
806,0.00201327212853
216,0.000541363137411
217,0.000543857898413
215,0.00053886837641
212,0.000531384093404
213,0.000533878854406
211,0.000528889332402
762,0.00190350264445
218,0.000546352659415
219,0.000548847420417
288,0.000720985929548
4,1.24738050095e-05
281,0.000703522602535
280,0.000701027841533
283,0.000708512124538
282,0.000706017363537
284,0.00071100688554
286,0.000715996407544
263,0.000658616904501
261,0.000653627382497
260,0.000651132621495
266,0.000666101187506
265,0.000663606426504
264,0.000661111665502
269,0.000673585470512
59,0.000149685660114
58,0.000147190899112
55,0.000139706616106
54,0.000137211855104
57,0.00014469613811
56,0.000142201377108
51,0.000129727572099
50,0.000127232811097
53,0.000134717094102
52,0.0001322223331
534,0.00133469713601
988,0.00246731863088
115,0.00028939227622
114,0.000286897515218
117,0.000294381798224
116,0.000291887037222
111,0.000279413232212
110,0.00027691847121
113,0.000284402754216
253,0.000633669294482
119,0.000299371320228
118,0.000296876559226
429,0.00107274723082
420,0.0010502943818
917,0.00229019059974
301,0.000753417822573
302,0.000755912583574
306,0.000765891627582
826,0.00206316734857
823,0.00205568306556
1739,0.0043408841433
560,0.00139956092206
229,0.000573795030436
228,0.000571300269434
227,0.000568805508432
224,0.000561321225427
223,0.000558826464425
221,0.000553836942421
151,0.000379203672288
150,0.000376708911286
153,0.000384193194292
606,0.00151431992815
155,0.000389182716296
600,0.00149935136214
157,0.0003941722383
156,0.000391677477298
159,0.000399161760303
112,0.000281907993214
609,0.00152180421116
81,0.000204570402155
48,0.000122243289093
49,0.000124738050095
46,0.000117253767089
47,0.000119748528091
44,0.000112264245085
45,0.000114759006087
42,0.000107274723082
43,0.000109769484083
40,0.000102285201078
41,0.00010477996208
5,1.49685660114e-05
1442,0.00359994012574
474,0.0011850114759
